% x	y	z	pH
0	0	0.025	7.024375047
0.01	0	0.025	7.01694767
0.02	0	0.025	7.023206142
0.03	0	0.025	6.967439084
0.04	0	0.025	6.911588954
0.05	0	0.025	6.780604557
0.06	0	0.025	6.701801838
0.07	0	0.025	6.654611932
0.08	0	0.025	6.66006199
0.09	0	0.025	6.758834757
0.1	0	0.025	6.898480803
0.11	0	0.025	7.001773751
0.12	0	0.025	7.011755505
0.13	0	0.025	7.000575152
0.14	0	0.025	6.971737825
0.15	0	0.025	6.945798522
0.16	0	0.025	6.940802313
0.17	0	0.025	6.948918539
0.18	0	0.025	6.96077807
0.19	0	0.025	6.975624981
0.2	0	0.025	6.987591034
0.21	0	0.025	6.997166667
0.22	0	0.025	6.997457867
0.23	0	0.025	6.998230521
0	0.01	0.025	6.986026252
0.01	0.01	0.025	6.957006168
0.02	0.01	0.025	6.856705998
0.03	0.01	0.025	6.693926785
0.04	0.01	0.025	6.535546163
0.05	0.01	0.025	6.533411012
0.06	0.01	0.025	6.491393053
0.07	0.01	0.025	6.453438368
0.08	0.01	0.025	6.479277848
0.09	0.01	0.025	6.519970313
0.1	0.01	0.025	6.583937683
0.11	0.01	0.025	6.688803131
0.12	0.01	0.025	6.768965083
0.13	0.01	0.025	6.854531904
0.14	0.01	0.025	6.895599807
0.15	0.01	0.025	6.910545168
0.16	0.01	0.025	6.886735141
0.17	0.01	0.025	6.910965268
0.18	0.01	0.025	6.910637838
0.19	0.01	0.025	6.933679529
0.2	0.01	0.025	6.95379057
0.21	0.01	0.025	6.97288955
0.22	0.01	0.025	6.991093292
0.23	0.01	0.025	6.995449371
0	0.02	0.025	6.762961604
0.01	0.02	0.025	6.741890361
0.02	0.02	0.025	6.636810587
0.03	0.02	0.025	6.572881687
0.04	0.02	0.025	6.701927651
0.05	0.02	0.025	7.244726603
0.06	0.02	0.025	6.608632896
0.07	0.02	0.025	6.692343861
0.08	0.02	0.025	6.932358099
0.09	0.02	0.025	7.365751293
0.1	0.02	0.025	6.596513576
0.11	0.02	0.025	6.417540746
0.12	0.02	0.025	6.448749856
0.13	0.02	0.025	6.646473799
0.14	0.02	0.025	6.843295882
0.15	0.02	0.025	7.179200049
0.16	0.02	0.025	7.228070965
0.17	0.02	0.025	7.23639175
0.18	0.02	0.025	7.059474479
0.19	0.02	0.025	6.972277718
0.2	0.02	0.025	6.919607798
0.21	0.02	0.025	6.926279312
0.22	0.02	0.025	6.955009648
0.23	0.02	0.025	6.962353603
0	0.03	0.025	6.431890981
0.01	0.03	0.025	6.506565311
0.02	0.03	0.025	6.921759905
0.03	0.03	0.025	6.326149324
0.04	0.03	0.025	5.888516657
0.05	0.03	0.025	5.613594977
0.06	0.03	0.025	5.467403007
0.07	0.03	0.025	5.416129378
0.08	0.03	0.025	5.48029356
0.09	0.03	0.025	5.613200533
0.1	0.03	0.025	5.836230408
0.11	0.03	0.025	6.220195073
0.12	0.03	0.025	9.844841555
0.13	0.03	0.025	7.225366026
0.14	0.03	0.025	6.896665222
0.15	0.03	0.025	6.572070337
0.16	0.03	0.025	6.493805775
0.17	0.03	0.025	6.55376043
0.18	0.03	0.025	6.73587202
0.19	0.03	0.025	7.163566828
0.2	0.03	0.025	7.260327053
0.21	0.03	0.025	6.99104937
0.22	0.03	0.025	6.903153228
0.23	0.03	0.025	6.868081312
0	0.04	0.025	6.256489731
0.01	0.04	0.025	7.499902727
0.02	0.04	0.025	5.916676763
0.03	0.04	0.025	5.50475416
0.04	0.04	0.025	5.261307285
0.05	0.04	0.025	5.144488221
0.06	0.04	0.025	5.105604152
0.07	0.04	0.025	5.067838769
0.08	0.04	0.025	5.088252932
0.09	0.04	0.025	5.140322431
0.1	0.04	0.025	5.186845296
0.11	0.04	0.025	5.432978902
0.12	0.04	0.025	5.740459968
0.13	0.04	0.025	6.028455577
0.14	0.04	0.025	6.197657224
0.15	0.04	0.025	6.168175597
0.16	0.04	0.025	6.153456557
0.17	0.04	0.025	6.120960358
0.18	0.04	0.025	6.116414035
0.19	0.04	0.025	6.292936264
0.2	0.04	0.025	6.580611343
0.21	0.04	0.025	7.171685563
0.22	0.04	0.025	7.056369456
0.23	0.04	0.025	6.819482805
0	0.05	0.025	6.4155372
0.01	0.05	0.025	5.767811924
0.02	0.05	0.025	5.300599721
0.03	0.05	0.025	5.18966109
0.04	0.05	0.025	5.446127806
0.05	0.05	0.025	5.411534093
0.06	0.05	0.025	4.631279689
0.07	0.05	0.025	4.450310684
0.08	0.05	0.025	4.687168468
0.09	0.05	0.025	5.528080033
0.1	0.05	0.025	5.049821499
0.11	0.05	0.025	5.045042116
0.12	0.05	0.025	5.211855785
0.13	0.05	0.025	5.547761678
0.14	0.05	0.025	6.602652224
0.15	0.05	0.025	5.646357304
0.16	0.05	0.025	5.537144514
0.17	0.05	0.025	5.528573384
0.18	0.05	0.025	6.085978335
0.19	0.05	0.025	6.228196786
0.2	0.05	0.025	6.181712437
0.21	0.05	0.025	6.316471912
0.22	0.05	0.025	6.957361281
0.23	0.05	0.025	8.04608529
0	0.06	0.025	5.517099496
0.01	0.06	0.025	5.315665774
0.02	0.06	0.025	5.076097011
0.03	0.06	0.025	5.537791616
0.04	0.06	0.025	4.146207906
0.05	0.06	0.025	3.839634924
0.06	0.06	0.025	3.563346156
0.07	0.06	0.025	3.480734868
0.08	0.06	0.025	3.608336971
0.09	0.06	0.025	3.842090262
0.1	0.06	0.025	4.252887069
0.11	0.06	0.025	5.342545764
0.12	0.06	0.025	5.158663479
0.13	0.06	0.025	5.802298685
0.14	0.06	0.025	4.9163415
0.15	0.06	0.025	4.610488531
0.16	0.06	0.025	4.559757141
0.17	0.06	0.025	4.605730513
0.18	0.06	0.025	4.791540278
0.19	0.06	0.025	5.200388771
0.2	0.06	0.025	6.765322982
0.21	0.06	0.025	6.026317505
0.22	0.06	0.025	6.238920053
0.23	0.06	0.025	6.474969192
0	0.07	0.025	5.121961898
0.01	0.07	0.025	5.22520155
0.02	0.07	0.025	5.093741745
0.03	0.07	0.025	4.009879959
0.04	0.07	0.025	3.4196447
0.05	0.07	0.025	3.137175224
0.06	0.07	0.025	2.957109342
0.07	0.07	0.025	2.941378616
0.08	0.07	0.025	2.972667712
0.09	0.07	0.025	3.136122403
0.1	0.07	0.025	3.450154034
0.11	0.07	0.025	3.969778467
0.12	0.07	0.025	4.775419879
0.13	0.07	0.025	4.599579963
0.14	0.07	0.025	4.207436014
0.15	0.07	0.025	3.991658674
0.16	0.07	0.025	3.916933481
0.17	0.07	0.025	3.986829592
0.18	0.07	0.025	4.149300813
0.19	0.07	0.025	4.419593182
0.2	0.07	0.025	4.991070246
0.21	0.07	0.025	5.99870518
0.22	0.07	0.025	6.107950954
0.23	0.07	0.025	5.996376219
0	0.08	0.025	4.879402895
0.01	0.08	0.025	5.386433263
0.02	0.08	0.025	4.032596076
0.03	0.08	0.025	3.347552726
0.04	0.08	0.025	2.98279031
0.05	0.08	0.025	2.71433415
0.06	0.08	0.025	2.548983798
0.07	0.08	0.025	2.501927502
0.08	0.08	0.025	2.558256373
0.09	0.08	0.025	2.698439207
0.1	0.08	0.025	2.967817034
0.11	0.08	0.025	3.378586973
0.12	0.08	0.025	3.838124745
0.13	0.08	0.025	3.965660047
0.14	0.08	0.025	3.727760102
0.15	0.08	0.025	3.563510393
0.16	0.08	0.025	3.504110654
0.17	0.08	0.025	3.550283176
0.18	0.08	0.025	3.705924714
0.19	0.08	0.025	3.979149842
0.2	0.08	0.025	4.345969766
0.21	0.08	0.025	5.052018302
0.22	0.08	0.025	6.256946957
0.23	0.08	0.025	5.738619445
0	0.09	0.025	4.806992319
0.01	0.09	0.025	4.587387697
0.02	0.09	0.025	3.564772177
0.03	0.09	0.025	3.021513822
0.04	0.09	0.025	2.665743492
0.05	0.09	0.025	2.414834432
0.06	0.09	0.025	2.256712031
0.07	0.09	0.025	2.214709151
0.08	0.09	0.025	2.261897297
0.09	0.09	0.025	2.403925653
0.1	0.09	0.025	2.659624125
0.11	0.09	0.025	3.028655216
0.12	0.09	0.025	3.411943316
0.13	0.09	0.025	3.564885379
0.14	0.09	0.025	3.417200926
0.15	0.09	0.025	3.262501144
0.16	0.09	0.025	3.216398494
0.17	0.09	0.025	3.259953748
0.18	0.09	0.025	3.408269991
0.19	0.09	0.025	3.654748694
0.2	0.09	0.025	4.019846829
0.21	0.09	0.025	4.590018887
0.22	0.09	0.025	5.741559699
0.23	0.09	0.025	5.550360332
0	0.1	0.025	4.836356425
0.01	0.1	0.025	4.057747981
0.02	0.1	0.025	3.32813321
0.03	0.1	0.025	2.812915171
0.04	0.1	0.025	2.45737638
0.05	0.1	0.025	2.216881837
0.06	0.1	0.025	2.074838412
0.07	0.1	0.025	2.028896524
0.08	0.1	0.025	2.075467832
0.09	0.1	0.025	2.212995276
0.1	0.1	0.025	2.455114507
0.11	0.1	0.025	2.79356352
0.12	0.1	0.025	3.197749129
0.13	0.1	0.025	3.353946538
0.14	0.1	0.025	3.228226454
0.15	0.1	0.025	3.078316307
0.16	0.1	0.025	3.027681685
0.17	0.1	0.025	3.077971296
0.18	0.1	0.025	3.213850848
0.19	0.1	0.025	3.448458247
0.2	0.1	0.025	3.814363258
0.21	0.1	0.025	4.363863813
0.22	0.1	0.025	5.111141721
0.23	0.1	0.025	5.545152145
0	0.11	0.025	4.930166405
0.01	0.11	0.025	3.928420015
0.02	0.11	0.025	3.206207447
0.03	0.11	0.025	2.706033081
0.04	0.11	0.025	2.353161643
0.05	0.11	0.025	2.123818513
0.06	0.11	0.025	1.979797133
0.07	0.11	0.025	1.930591583
0.08	0.11	0.025	1.980586065
0.09	0.11	0.025	2.122051077
0.1	0.11	0.025	2.355730357
0.11	0.11	0.025	2.702978619
0.12	0.11	0.025	3.086443573
0.13	0.11	0.025	3.257872021
0.14	0.11	0.025	3.130232448
0.15	0.11	0.025	2.984799086
0.16	0.11	0.025	2.930742062
0.17	0.11	0.025	2.979262835
0.18	0.11	0.025	3.122942319
0.19	0.11	0.025	3.356107887
0.2	0.11	0.025	3.696313736
0.21	0.11	0.025	4.235301643
0.22	0.11	0.025	4.919415854
0.23	0.11	0.025	5.608408696
0	0.12	0.025	4.856977623
0.01	0.12	0.025	3.89709797
0.02	0.12	0.025	3.227613781
0.03	0.12	0.025	2.710580765
0.04	0.12	0.025	2.357119014
0.05	0.12	0.025	2.122964264
0.06	0.12	0.025	1.979690829
0.07	0.12	0.025	1.930707916
0.08	0.12	0.025	1.980978054
0.09	0.12	0.025	2.127021033
0.1	0.12	0.025	2.35958384
0.11	0.12	0.025	2.691140549
0.12	0.12	0.025	3.077687493
0.13	0.12	0.025	3.253835003
0.14	0.12	0.025	3.128833778
0.15	0.12	0.025	2.985182545
0.16	0.12	0.025	2.930770065
0.17	0.12	0.025	2.981110405
0.18	0.12	0.025	3.124897351
0.19	0.12	0.025	3.355311395
0.2	0.12	0.025	3.710259364
0.21	0.12	0.025	4.217044397
0.22	0.12	0.025	4.918756348
0.23	0.12	0.025	5.780586843
0	0.13	0.025	4.807707959
0.01	0.13	0.025	4.190152176
0.02	0.13	0.025	3.344503927
0.03	0.13	0.025	2.810668202
0.04	0.13	0.025	2.463107272
0.05	0.13	0.025	2.215337739
0.06	0.13	0.025	2.077017422
0.07	0.13	0.025	2.029053091
0.08	0.13	0.025	2.073628146
0.09	0.13	0.025	2.212696519
0.1	0.13	0.025	2.467656457
0.11	0.13	0.025	2.790960621
0.12	0.13	0.025	3.214269175
0.13	0.13	0.025	3.357236894
0.14	0.13	0.025	3.22535779
0.15	0.13	0.025	3.080771462
0.16	0.13	0.025	3.027183562
0.17	0.13	0.025	3.074516737
0.18	0.13	0.025	3.214152285
0.19	0.13	0.025	3.454343736
0.2	0.13	0.025	3.802665406
0.21	0.13	0.025	4.32267241
0.22	0.13	0.025	5.134142467
0.23	0.13	0.025	5.791923505
0	0.14	0.025	4.768038219
0.01	0.14	0.025	4.659879055
0.02	0.14	0.025	3.568202085
0.03	0.14	0.025	3.006230535
0.04	0.14	0.025	2.654085859
0.05	0.14	0.025	2.41315491
0.06	0.14	0.025	2.259772646
0.07	0.14	0.025	2.217141167
0.08	0.14	0.025	2.260280274
0.09	0.14	0.025	2.409986883
0.1	0.14	0.025	2.664481443
0.11	0.14	0.025	3.026482833
0.12	0.14	0.025	3.444599624
0.13	0.14	0.025	3.584941665
0.14	0.14	0.025	3.422626238
0.15	0.14	0.025	3.264177986
0.16	0.14	0.025	3.215309834
0.17	0.14	0.025	3.26400449
0.18	0.14	0.025	3.409541059
0.19	0.14	0.025	3.655922438
0.2	0.14	0.025	4.003898172
0.21	0.14	0.025	4.615711227
0.22	0.14	0.025	5.516925225
0.23	0.14	0.025	5.758878863
0	0.15	0.025	4.794133677
0.01	0.15	0.025	5.288411534
0.02	0.15	0.025	3.962217111
0.03	0.15	0.025	3.365629234
0.04	0.15	0.025	2.981622237
0.05	0.15	0.025	2.717476769
0.06	0.15	0.025	2.554635441
0.07	0.15	0.025	2.509461698
0.08	0.15	0.025	2.55488568
0.09	0.15	0.025	2.713194151
0.1	0.15	0.025	2.988956296
0.11	0.15	0.025	3.398696504
0.12	0.15	0.025	3.808323672
0.13	0.15	0.025	3.9569385
0.14	0.15	0.025	3.721346948
0.15	0.15	0.025	3.556292091
0.16	0.15	0.025	3.505142098
0.17	0.15	0.025	3.555656527
0.18	0.15	0.025	3.710881938
0.19	0.15	0.025	3.982085454
0.2	0.15	0.025	4.354583623
0.21	0.15	0.025	5.045756523
0.22	0.15	0.025	6.514351281
0.23	0.15	0.025	5.825848529
0	0.16	0.025	5.03158595
0.01	0.16	0.025	5.027710552
0.02	0.16	0.025	4.852507129
0.03	0.16	0.025	3.958946202
0.04	0.16	0.025	3.432272215
0.05	0.16	0.025	3.141959947
0.06	0.16	0.025	2.973276399
0.07	0.16	0.025	2.923618775
0.08	0.16	0.025	2.966640861
0.09	0.16	0.025	3.149454728
0.1	0.16	0.025	3.452906318
0.11	0.16	0.025	3.982363589
0.12	0.16	0.025	4.662854327
0.13	0.16	0.025	4.637555733
0.14	0.16	0.025	4.189940393
0.15	0.16	0.025	3.992978954
0.16	0.16	0.025	3.91336065
0.17	0.16	0.025	3.969922395
0.18	0.16	0.025	4.14051993
0.19	0.16	0.025	4.421311016
0.2	0.16	0.025	5.01754128
0.21	0.16	0.025	5.910352831
0.22	0.16	0.025	6.028585906
0.23	0.16	0.025	6.05105255
0	0.17	0.025	5.421129353
0.01	0.17	0.025	5.257106958
0.02	0.17	0.025	5.112604348
0.03	0.17	0.025	5.430900007
0.04	0.17	0.025	4.128928881
0.05	0.17	0.025	3.804766687
0.06	0.17	0.025	3.614999589
0.07	0.17	0.025	3.518208898
0.08	0.17	0.025	3.583644881
0.09	0.17	0.025	3.83974463
0.1	0.17	0.025	4.139582319
0.11	0.17	0.025	4.917305981
0.12	0.17	0.025	5.252040673
0.13	0.17	0.025	6.062037242
0.14	0.17	0.025	4.928209952
0.15	0.17	0.025	4.588958268
0.16	0.17	0.025	4.505733605
0.17	0.17	0.025	4.560494773
0.18	0.17	0.025	4.807185669
0.19	0.17	0.025	5.102336937
0.2	0.17	0.025	6.059072419
0.21	0.17	0.025	6.043026136
0.22	0.17	0.025	6.236513075
0.23	0.17	0.025	6.451331078
0	0.18	0.025	6.265979623
0.01	0.18	0.025	5.787868144
0.02	0.18	0.025	5.298998702
0.03	0.18	0.025	5.073281047
0.04	0.18	0.025	5.139644653
0.05	0.18	0.025	5.687132518
0.06	0.18	0.025	4.575793437
0.07	0.18	0.025	4.400285358
0.08	0.18	0.025	4.468766729
0.09	0.18	0.025	4.960048738
0.1	0.18	0.025	5.468487771
0.11	0.18	0.025	5.066906633
0.12	0.18	0.025	5.201311485
0.13	0.18	0.025	5.600655652
0.14	0.18	0.025	6.216171445
0.15	0.18	0.025	5.733016775
0.16	0.18	0.025	5.546435483
0.17	0.18	0.025	5.596907942
0.18	0.18	0.025	6.300387864
0.19	0.18	0.025	6.381206085
0.2	0.18	0.025	6.174444868
0.21	0.18	0.025	6.360379103
0.22	0.18	0.025	6.932338034
0.23	0.18	0.025	7.909313506
0	0.19	0.025	6.236596173
0.01	0.19	0.025	7.813331889
0.02	0.19	0.025	5.80512304
0.03	0.19	0.025	5.421914055
0.04	0.19	0.025	5.190760734
0.05	0.19	0.025	5.10578964
0.06	0.19	0.025	5.154357551
0.07	0.19	0.025	5.179257442
0.08	0.19	0.025	5.150358132
0.09	0.19	0.025	5.238217489
0.1	0.19	0.025	5.316377542
0.11	0.19	0.025	5.432974106
0.12	0.19	0.025	5.70191741
0.13	0.19	0.025	6.082594784
0.14	0.19	0.025	6.179937609
0.15	0.19	0.025	6.088934801
0.16	0.19	0.025	6.130404033
0.17	0.19	0.025	6.150246129
0.18	0.19	0.025	6.152590314
0.19	0.19	0.025	6.304612259
0.2	0.19	0.025	6.593481708
0.21	0.19	0.025	7.18104334
0.22	0.19	0.025	7.05855807
0.23	0.19	0.025	6.818595412
0	0.2	0.025	6.4004454
0.01	0.2	0.025	6.499132145
0.02	0.2	0.025	6.925377169
0.03	0.2	0.025	6.368983991
0.04	0.2	0.025	5.795274813
0.05	0.2	0.025	5.591636882
0.06	0.2	0.025	5.504024153
0.07	0.2	0.025	5.483712546
0.08	0.2	0.025	5.488013537
0.09	0.2	0.025	5.658565888
0.1	0.2	0.025	5.902395152
0.11	0.2	0.025	6.25400113
0.12	0.2	0.025	7.867740277
0.13	0.2	0.025	8.037698104
0.14	0.2	0.025	6.873121218
0.15	0.2	0.025	6.584855787
0.16	0.2	0.025	6.523193202
0.17	0.2	0.025	6.581293425
0.18	0.2	0.025	6.801137004
0.19	0.2	0.025	7.170532159
0.2	0.2	0.025	7.345846826
0.21	0.2	0.025	7.018562475
0.22	0.2	0.025	6.924550203
0.23	0.2	0.025	6.884097304
0	0.21	0.025	6.729603465
0.01	0.21	0.025	6.627480678
0.02	0.21	0.025	6.461549034
0.03	0.21	0.025	6.520626763
0.04	0.21	0.025	6.644119009
0.05	0.21	0.025	7.796408237
0.06	0.21	0.025	6.885514707
0.07	0.21	0.025	6.705762408
0.08	0.21	0.025	6.961432912
0.09	0.21	0.025	7.706082857
0.1	0.21	0.025	6.921938635
0.11	0.21	0.025	6.545991743
0.12	0.21	0.025	6.574491358
0.13	0.21	0.025	6.689110881
0.14	0.21	0.025	6.876839928
0.15	0.21	0.025	7.129211712
0.16	0.21	0.025	7.305353667
0.17	0.21	0.025	7.150728153
0.18	0.21	0.025	7.06188821
0.19	0.21	0.025	6.979927164
0.2	0.21	0.025	6.93324292
0.21	0.21	0.025	6.940014111
0.22	0.21	0.025	6.964164665
0.23	0.21	0.025	6.968502782
0	0.22	0.025	6.984623802
0.01	0.22	0.025	6.931158528
0.02	0.22	0.025	6.789434284
0.03	0.22	0.025	6.63137582
0.04	0.22	0.025	6.5639717
0.05	0.22	0.025	6.612710591
0.06	0.22	0.025	6.560696339
0.07	0.22	0.025	6.566246223
0.08	0.22	0.025	6.53288979
0.09	0.22	0.025	6.570205695
0.1	0.22	0.025	6.654139651
0.11	0.22	0.025	6.750719416
0.12	0.22	0.025	6.814926142
0.13	0.22	0.025	6.884419213
0.14	0.22	0.025	6.917577088
0.15	0.22	0.025	6.918689229
0.16	0.22	0.025	6.918988452
0.17	0.22	0.025	6.925753412
0.18	0.22	0.025	6.935056475
0.19	0.22	0.025	6.940423576
0.2	0.22	0.025	6.963392701
0.21	0.22	0.025	6.982654435
0.22	0.22	0.025	6.996588959
0.23	0.22	0.025	7.00030416
0	0.23	0.025	7.042371533
0.01	0.23	0.025	7.014789231
0.02	0.23	0.025	6.987101601
0.03	0.23	0.025	6.9346171
0.04	0.23	0.025	6.840805679
0.05	0.23	0.025	6.786976152
0.06	0.23	0.025	6.737132756
0.07	0.23	0.025	6.69343955
0.08	0.23	0.025	6.707514517
0.09	0.23	0.025	6.793935346
0.1	0.23	0.025	6.898118131
0.11	0.23	0.025	6.98946707
0.12	0.23	0.025	7.021522818
0.13	0.23	0.025	7.008022955
0.14	0.23	0.025	6.98423803
0.15	0.23	0.025	6.958599728
0.16	0.23	0.025	6.949663547
0.17	0.23	0.025	6.95888626
0.18	0.23	0.025	6.972265907
0.19	0.23	0.025	6.986275748
0.2	0.23	0.025	6.996840675
0.21	0.23	0.025	7.002185958
0.22	0.23	0.025	7.00250542
0.23	0.23	0.025	7.002220871