% x                       y                        z                        abs(c) (mol/m^3) @ t=36000
0                         0                        0.025                    2.637695232436977E-4
0.01                      0                        0.025                    1.2117263982034223E-4
0.02                      0                        0.025                    1.9595324081040882E-4
0.03                      0                        0.025                    7.281000313676467E-4
0.04                      0                        0.025                    0.0012532731306358392
0.05                      0                        0.025                    0.0017762604174652308
0.06                      0                        0.025                    0.0021257665009901026
0.07                      0                        0.025                    0.002250385378197719
0.08                      0                        0.025                    0.002173327679590966
0.09                      0                        0.025                    0.001840043963246583
0.1                       0                        0.025                    0.0013501999409549783
0.11                      0                        0.025                    8.891354764058824E-4
0.12                      0                        0.025                    7.238092569407375E-4
0.13                      0                        0.025                    7.907160324154441E-4
0.14                      0                        0.025                    9.813313321442025E-4
0.15                      0                        0.025                    0.001084351670478683
0.16                      0                        0.025                    0.0011760766780111519
0.17                      0                        0.025                    0.0011515350450520215
0.18                      0                        0.025                    9.578278891386863E-4
0.19                      0                        0.025                    6.682645534786211E-4
0.2                       0                        0.025                    3.275606841094221E-4
0.21                      0                        0.025                    7.212512461991646E-5
0.22                      0                        0.025                    1.0025054269474255E-4
0.23                      0                        0.025                    1.7788327565100632E-4
0                         0.01                     0.025                    2.77606882829656E-4
0.01                      0.01                     0.025                    4.31943910311517E-4
0.02                      0.01                     0.025                    9.558099090437956E-4
0.03                      0.01                     0.025                    0.0017249327881208236
0.04                      0.01                     0.025                    0.0023162715611986153
0.05                      0.01                     0.025                    0.0024403189069579275
0.06                      0.01                     0.025                    0.0025726021563688773
0.07                      0.01                     0.025                    0.002469229487180521
0.08                      0.01                     0.025                    0.0024129840292503053
0.09                      0.01                     0.025                    0.002674732163700127
0.1                       0.01                     0.025                    0.0029627282447757305
0.11                      0.01                     0.025                    0.002458002416445193
0.12                      0.01                     0.025                    0.0019954531644649476
0.13                      0.01                     0.025                    0.001651552528956594
0.14                      0.01                     0.025                    0.0015553450556767285
0.15                      0.01                     0.025                    0.0014757498954595435
0.16                      0.01                     0.025                    0.0017969965610725098
0.17                      0.01                     0.025                    0.0015366958796947778
0.18                      0.01                     0.025                    0.0015349958965403627
0.19                      0.01                     0.025                    0.0014501334940118188
0.2                       0.01                     0.025                    9.865411530165591E-4
0.21                      0.01                     0.025                    5.47022036702019E-4
0.22                      0.01                     0.025                    1.8605903898526207E-4
0.23                      0.01                     0.025                    1.0677786246319045E-4
0                         0.02                     0.025                    0.0017723346936381085
0.01                      0.02                     0.025                    0.0018983785040033341
0.02                      0.02                     0.025                    0.0026561735989648998
0.03                      0.02                     0.025                    0.0026123099045847337
0.04                      0.02                     0.025                    0.0023692165253798568
0.05                      0.02                     0.025                    1.8767805851552455E-4
0.06                      0.02                     0.025                    0.0023096911043251366
0.07                      0.02                     0.025                    0.003433116428290461
0.08                      0.02                     0.025                    0.001875865225240811
0.09                      0.02                     0.025                    0.0012514255766938123
0.1                       0.02                     0.025                    0.0026665928214635527
0.11                      0.02                     0.025                    0.004620758685536293
0.12                      0.02                     0.025                    0.003656647344276325
0.13                      0.02                     0.025                    0.0021273417551656276
0.14                      0.02                     0.025                    2.2577169118976378E-4
0.15                      0.02                     0.025                    0.0021602654428830963
0.16                      0.02                     0.025                    0.003231348678708751
0.17                      0.02                     0.025                    0.0019561295209439074
0.18                      0.02                     0.025                    4.495794467014115E-4
0.19                      0.02                     0.025                    8.005849552516037E-4
0.2                       0.02                     0.025                    0.0015503896671565372
0.21                      0.02                     0.025                    0.0014591473764854032
0.22                      0.02                     0.025                    0.00111842588198908
0.23                      0.02                     0.025                    0.0010289975935089347
0                         0.03                     0.025                    0.004473802240193588
0.01                      0.03                     0.025                    0.0030268117966593044
0.02                      0.03                     0.025                    0.001074365503796979
0.03                      0.03                     0.025                    0.004112569577745614
0.04                      0.03                     0.025                    0.01958335402724855
0.05                      0.03                     0.025                    0.04102772841356694
0.06                      0.03                     0.025                    0.05769601790862281
0.07                      0.03                     0.025                    0.06109838259305126
0.08                      0.03                     0.025                    0.05315089842441518
0.09                      0.03                     0.025                    0.03542514635952022
0.1                       0.03                     0.025                    0.019737231123120792
0.11                      0.03                     0.025                    0.008862012458302633
0.12                      0.03                     0.025                    0.0074225181798017684
0.13                      0.03                     0.025                    0.013296809216580854
0.14                      0.03                     0.025                    0.02477793855678219
0.15                      0.03                     0.025                    0.033637666670537435
0.16                      0.03                     0.025                    0.03822262741361054
0.17                      0.03                     0.025                    0.03403513053215538
0.18                      0.03                     0.025                    0.026273010842198036
0.19                      0.03                     0.025                    0.015179591849852432
0.2                       0.03                     0.025                    0.003903885215456944
0.21                      0.03                     0.025                    5.186739035512399E-4
0.22                      0.03                     0.025                    0.002352407715737443
0.23                      0.03                     0.025                    0.0029350249144435327
0                         0.04                     0.025                    0.006553035508528827
0.01                      0.04                     0.025                    3.371384651140822E-4
0.02                      0.04                     0.025                    0.01996858932176753
0.03                      0.04                     0.025                    0.0597632666067595
0.04                      0.04                     0.025                    0.11952474894136092
0.05                      0.04                     0.025                    0.18310517287079078
0.06                      0.04                     0.025                    0.2406884658339446
0.07                      0.04                     0.025                    0.2627953983159092
0.08                      0.04                     0.025                    0.24199450474614315
0.09                      0.04                     0.025                    0.17858116841107083
0.1                       0.04                     0.025                    0.11840169245578328
0.11                      0.04                     0.025                    0.07366670303308376
0.12                      0.04                     0.025                    0.05685086266177593
0.13                      0.04                     0.025                    0.08022646320752994
0.14                      0.04                     0.025                    0.11996105395680882
0.15                      0.04                     0.025                    0.14970160136112154
0.16                      0.04                     0.025                    0.16889652526900167
0.17                      0.04                     0.025                    0.15053119236742213
0.18                      0.04                     0.025                    0.11127961531532982
0.19                      0.04                     0.025                    0.0752813150995757
0.2                       0.04                     0.025                    0.03464980553204579
0.21                      0.04                     0.025                    0.012906951609973233
0.22                      0.04                     0.025                    0.0016655953549008385
0.23                      0.04                     0.025                    0.004926541765747304
0                         0.05                     0.025                    0.0025100793416329434
0.01                      0.05                     0.025                    0.023057545229681668
0.02                      0.05                     0.025                    0.09751360090660485
0.03                      0.05                     0.025                    0.22252226673459335
0.04                      0.05                     0.025                    0.4068254038628415
0.05                      0.05                     0.025                    0.5861560244298537
0.06                      0.05                     0.025                    0.7890728012291569
0.07                      0.05                     0.025                    0.8553066100029457
0.08                      0.05                     0.025                    0.7692210493537567
0.09                      0.05                     0.025                    0.6248242569648589
0.1                       0.05                     0.025                    0.4177083643058742
0.11                      0.05                     0.025                    0.2941357544458535
0.12                      0.05                     0.025                    0.23971288365582383
0.13                      0.05                     0.025                    0.28881108300311675
0.14                      0.05                     0.025                    0.4012674948095102
0.15                      0.05                     0.025                    0.4940915797989709
0.16                      0.05                     0.025                    0.5309696757817133
0.17                      0.05                     0.025                    0.4859222802766278
0.18                      0.05                     0.025                    0.3723781081142344
0.19                      0.05                     0.025                    0.24224778666881883
0.2                       0.05                     0.025                    0.1391184029467943
0.21                      0.05                     0.025                    0.0587854029802102
0.22                      0.05                     0.025                    0.014064379502064019
0.23                      0.05                     0.025                    0.0012442516846837084
0                         0.06                     0.025                    0.039639478031273136
0.01                      0.06                     0.025                    0.11108803162148752
0.02                      0.06                     0.025                    0.2910800208667706
0.03                      0.06                     0.025                    0.6278536574917163
0.04                      0.06                     0.025                    1.0553937048244615
0.05                      0.06                     0.025                    1.5349880681526862
0.06                      0.06                     0.025                    1.9501929469226214
0.07                      0.06                     0.025                    2.1256672102764433
0.08                      0.06                     0.025                    1.967355539185741
0.09                      0.06                     0.025                    1.5759266091581825
0.1                       0.06                     0.025                    1.138113158235147
0.11                      0.06                     0.025                    0.8237847434710284
0.12                      0.06                     0.025                    0.7050538263976318
0.13                      0.06                     0.025                    0.8064283802395548
0.14                      0.06                     0.025                    0.9872938489040617
0.15                      0.06                     0.025                    1.214521080074825
0.16                      0.06                     0.025                    1.2863128990191988
0.17                      0.06                     0.025                    1.2020889604739242
0.18                      0.06                     0.025                    0.987471826492524
0.19                      0.06                     0.025                    0.6791814790531587
0.2                       0.06                     0.025                    0.38442301827058756
0.21                      0.06                     0.025                    0.1749472871206785
0.22                      0.06                     0.025                    0.0682350550796524
0.23                      0.06                     0.025                    0.02313825124375565
0                         0.07                     0.025                    0.12959551211012213
0.01                      0.07                     0.025                    0.2983311136417714
0.02                      0.07                     0.025                    0.6719440326912525
0.03                      0.07                     0.025                    1.2790973292065475
0.04                      0.07                     0.025                    2.283773158798666
0.05                      0.07                     0.025                    3.275150130734328
0.06                      0.07                     0.025                    4.048111332734456
0.07                      0.07                     0.025                    4.298932335681498
0.08                      0.07                     0.025                    4.049026252844156
0.09                      0.07                     0.025                    3.287637246343188
0.1                       0.07                     0.025                    2.413911986977537
0.11                      0.07                     0.025                    1.7607730988704604
0.12                      0.07                     0.025                    1.492559961176504
0.13                      0.07                     0.025                    1.688560544397217
0.14                      0.07                     0.025                    2.0918973897615736
0.15                      0.07                     0.025                    2.5055516452105326
0.16                      0.07                     0.025                    2.6851876958705985
0.17                      0.07                     0.025                    2.485033291254687
0.18                      0.07                     0.025                    2.016924538159905
0.19                      0.07                     0.025                    1.410914473129768
0.2                       0.07                     0.025                    0.8277295067115347
0.21                      0.07                     0.025                    0.4140923365942979
0.22                      0.07                     0.025                    0.18960537494467836
0.23                      0.07                     0.025                    0.07858708460149566
0                         0.08                     0.025                    0.3061716259880578
0.01                      0.08                     0.025                    0.5566129365876564
0.02                      0.08                     0.025                    1.2319493121408307
0.03                      0.08                     0.025                    2.4619528505879
0.04                      0.08                     0.025                    3.9536329200933022
0.05                      0.08                     0.025                    5.668348146799863
0.06                      0.08                     0.025                    7.016891132373821
0.07                      0.08                     0.025                    7.484202755189308
0.08                      0.08                     0.025                    7.024514208806233
0.09                      0.08                     0.025                    5.850886442396874
0.1                       0.08                     0.025                    4.352382662297677
0.11                      0.08                     0.025                    3.2438073434579753
0.12                      0.08                     0.025                    2.7442706014898905
0.13                      0.08                     0.025                    3.0311958208407965
0.14                      0.08                     0.025                    3.7336281513645426
0.15                      0.08                     0.025                    4.396493534336619
0.16                      0.08                     0.025                    4.6824783074246445
0.17                      0.08                     0.025                    4.381756760807669
0.18                      0.08                     0.025                    3.558305633245392
0.19                      0.08                     0.025                    2.4714764954703625
0.2                       0.08                     0.025                    1.5298953986905404
0.21                      0.08                     0.025                    0.7742168213696866
0.22                      0.08                     0.025                    0.354433404089588
0.23                      0.08                     0.025                    0.19202066437217885
0                         0.09                     0.025                    0.5255687231079886
0.01                      0.09                     0.025                    0.9257547487948381
0.02                      0.09                     0.025                    1.943532821762905
0.03                      0.09                     0.025                    3.7998063315030417
0.04                      0.09                     0.025                    6.099282338594853
0.05                      0.09                     0.025                    8.55257506884032
0.06                      0.09                     0.025                    10.511368929810674
0.07                      0.09                     0.025                    11.192895289797553
0.08                      0.09                     0.025                    10.535831781788614
0.09                      0.09                     0.025                    8.827877933056746
0.1                       0.09                     0.025                    6.651230688238441
0.11                      0.09                     0.025                    5.015248640075406
0.12                      0.09                     0.025                    4.350646175037634
0.13                      0.09                     0.025                    4.684365012950214
0.14                      0.09                     0.025                    5.649314438224131
0.15                      0.09                     0.025                    6.6466902165709865
0.16                      0.09                     0.025                    7.008026723608394
0.17                      0.09                     0.025                    6.58327058363191
0.18                      0.09                     0.025                    5.348829677373405
0.19                      0.09                     0.025                    3.812549554508356
0.2                       0.09                     0.025                    2.3639735000179045
0.21                      0.09                     0.025                    1.2265039845586918
0.22                      0.09                     0.025                    0.5654868490302731
0.23                      0.09                     0.025                    0.33374778464593974
0                         0.1                      0.025                    0.7225692532238188
0.01                      0.1                      0.025                    1.2843496728278798
0.02                      0.1                      0.025                    2.617749630675137
0.03                      0.1                      0.025                    4.986120912776869
0.04                      0.1                      0.025                    8.048986380628756
0.05                      0.1                      0.025                    11.292565332371543
0.06                      0.1                      0.025                    13.720703373136152
0.07                      0.1                      0.025                    14.678086721877563
0.08                      0.1                      0.025                    13.768489905308625
0.09                      0.1                      0.025                    11.468373121551389
0.1                       0.1                      0.025                    8.735679431968803
0.11                      0.1                      0.025                    6.633281962492357
0.12                      0.1                      0.025                    5.7303587780827945
0.13                      0.1                      0.025                    6.162460363301855
0.14                      0.1                      0.025                    7.421989652660327
0.15                      0.1                      0.025                    8.692797520921953
0.16                      0.1                      0.025                    9.18930687949875
0.17                      0.1                      0.025                    8.56239584415114
0.18                      0.1                      0.025                    7.013186706180868
0.19                      0.1                      0.025                    5.021983186896772
0.2                       0.1                      0.025                    3.104032403225089
0.21                      0.1                      0.025                    1.6405591602134146
0.22                      0.1                      0.025                    0.7960261455418556
0.23                      0.1                      0.025                    0.459348228150593
0                         0.11                     0.025                    0.8538065748368313
0.01                      0.11                     0.025                    1.5181300951212686
0.02                      0.11                     0.025                    3.016759412895519
0.03                      0.11                     0.025                    5.721549405695722
0.04                      0.11                     0.025                    9.251855948988178
0.05                      0.11                     0.025                    12.794408072006227
0.06                      0.11                     0.025                    15.75672192024443
0.07                      0.11                     0.025                    16.91219394843276
0.08                      0.11                     0.025                    15.812074524159357
0.09                      0.11                     0.025                    13.091826275467275
0.1                       0.11                     0.025                    10.051988103859316
0.11                      0.11                     0.025                    7.547038521957424
0.12                      0.11                     0.025                    6.631781569034749
0.13                      0.11                     0.025                    7.074406968838499
0.14                      0.11                     0.025                    8.470004961326934
0.15                      0.11                     0.025                    9.941053628634641
0.16                      0.11                     0.025                    10.579409664561698
0.17                      0.11                     0.025                    9.838456845262883
0.18                      0.11                     0.025                    8.023810622958328
0.19                      0.11                     0.025                    5.781372244415655
0.2                       0.11                     0.025                    3.5802216706770587
0.21                      0.11                     0.025                    1.882028371688813
0.22                      0.11                     0.025                    0.9397910270277141
0.23                      0.11                     0.025                    0.49236540770427417
0                         0.12                     0.025                    0.853115513856592
0.01                      0.12                     0.025                    1.4881911657223401
0.02                      0.12                     0.025                    3.055218435039572
0.03                      0.12                     0.025                    5.736390155986197
0.04                      0.12                     0.025                    9.201094511083124
0.05                      0.12                     0.025                    12.87430950152588
0.06                      0.12                     0.025                    15.756448158186796
0.07                      0.12                     0.025                    16.924787154772815
0.08                      0.12                     0.025                    15.792185919641058
0.09                      0.12                     0.025                    13.085951102796994
0.1                       0.12                     0.025                    9.96045611149875
0.11                      0.12                     0.025                    7.708085114983241
0.12                      0.12                     0.025                    6.629172408634032
0.13                      0.12                     0.025                    7.097748314423935
0.14                      0.12                     0.025                    8.47049150971815
0.15                      0.12                     0.025                    9.930068488837126
0.16                      0.12                     0.025                    10.577764781000718
0.17                      0.12                     0.025                    9.841446938434629
0.18                      0.12                     0.025                    8.008850126980619
0.19                      0.12                     0.025                    5.806835956012681
0.2                       0.12                     0.025                    3.5914095653658213
0.21                      0.12                     0.025                    1.8913173072884537
0.22                      0.12                     0.025                    0.9346064405085901
0.23                      0.12                     0.025                    0.552081990153731
0                         0.13                     0.025                    0.7256931688559178
0.01                      0.13                     0.025                    1.2872493361753026
0.02                      0.13                     0.025                    2.5818009130685233
0.03                      0.13                     0.025                    4.972810761505167
0.04                      0.13                     0.025                    8.04637071255358
0.05                      0.13                     0.025                    11.234617600304906
0.06                      0.13                     0.025                    13.754244768210569
0.07                      0.13                     0.025                    14.72137687609228
0.08                      0.13                     0.025                    13.80977016597124
0.09                      0.13                     0.025                    11.507192758084843
0.1                       0.13                     0.025                    8.79778774984037
0.11                      0.13                     0.025                    6.6584234212367885
0.12                      0.13                     0.025                    5.653787586361272
0.13                      0.13                     0.025                    6.189784629609297
0.14                      0.13                     0.025                    7.408562628790502
0.15                      0.13                     0.025                    8.659784600611525
0.16                      0.13                     0.025                    9.19235938110087
0.17                      0.13                     0.025                    8.571644175261106
0.18                      0.13                     0.025                    7.052994228871373
0.19                      0.13                     0.025                    5.02082503676196
0.2                       0.13                     0.025                    3.103751863245705
0.21                      0.13                     0.025                    1.6386605451757954
0.22                      0.13                     0.025                    0.799825531331583
0.23                      0.13                     0.025                    0.46548875844704796
0                         0.14                     0.025                    0.49396768227631505
0.01                      0.14                     0.025                    0.928446227670142
0.02                      0.14                     0.025                    1.9813809421625281
0.03                      0.14                     0.025                    3.7944035892188537
0.04                      0.14                     0.025                    6.088915076630432
0.05                      0.14                     0.025                    8.538653124201026
0.06                      0.14                     0.025                    10.533527098426994
0.07                      0.14                     0.025                    11.23187271188334
0.08                      0.14                     0.025                    10.57628221145032
0.09                      0.14                     0.025                    8.757880894700962
0.1                       0.14                     0.025                    6.611083968396684
0.11                      0.14                     0.025                    4.995787374821576
0.12                      0.14                     0.025                    4.293152274046953
0.13                      0.14                     0.025                    4.698040990429947
0.14                      0.14                     0.025                    5.638969895727408
0.15                      0.14                     0.025                    6.626154009962103
0.16                      0.14                     0.025                    7.01746530301447
0.17                      0.14                     0.025                    6.5822477717404295
0.18                      0.14                     0.025                    5.363166173639877
0.19                      0.14                     0.025                    3.8170384606212964
0.2                       0.14                     0.025                    2.3606641760497116
0.21                      0.14                     0.025                    1.2362756890053244
0.22                      0.14                     0.025                    0.5777989547754517
0.23                      0.14                     0.025                    0.32839591678602364
0                         0.15                     0.025                    0.28463578619823804
0.01                      0.15                     0.025                    0.5658478530367325
0.02                      0.15                     0.025                    1.246935171717153
0.03                      0.15                     0.025                    2.471105010393984
0.04                      0.15                     0.025                    4.0130688451453675
0.05                      0.15                     0.025                    5.651867388299758
0.06                      0.15                     0.025                    7.035969857963455
0.07                      0.15                     0.025                    7.481244092044958
0.08                      0.15                     0.025                    7.008284700612322
0.09                      0.15                     0.025                    5.811330082160211
0.1                       0.15                     0.025                    4.345314912398558
0.11                      0.15                     0.025                    3.202437267760571
0.12                      0.15                     0.025                    2.7869467018495615
0.13                      0.15                     0.025                    3.056704039966479
0.14                      0.15                     0.025                    3.744790892232551
0.15                      0.15                     0.025                    4.4112883629742505
0.16                      0.15                     0.025                    4.708005857752536
0.17                      0.15                     0.025                    4.389931825155161
0.18                      0.15                     0.025                    3.56536618279781
0.19                      0.15                     0.025                    2.5227908761845614
0.2                       0.15                     0.025                    1.54012600762672
0.21                      0.15                     0.025                    0.7789714166556858
0.22                      0.15                     0.025                    0.3571766011586791
0.23                      0.15                     0.025                    0.1795155933136157
0                         0.16                     0.025                    0.13136508447081585
0.01                      0.16                     0.025                    0.2971080021658511
0.02                      0.16                     0.025                    0.6533138800608517
0.03                      0.16                     0.025                    1.3167975012128807
0.04                      0.16                     0.025                    2.285820342460457
0.05                      0.16                     0.025                    3.2566803941568403
0.06                      0.16                     0.025                    4.029097438316074
0.07                      0.16                     0.025                    4.271709812775333
0.08                      0.16                     0.025                    3.9846571982240286
0.09                      0.16                     0.025                    3.258506278906995
0.1                       0.16                     0.025                    2.4273302333992595
0.11                      0.16                     0.025                    1.7570793669503952
0.12                      0.16                     0.025                    1.5505604096434822
0.13                      0.16                     0.025                    1.6926545094293646
0.14                      0.16                     0.025                    2.101702172047365
0.15                      0.16                     0.025                    2.4836717165882822
0.16                      0.16                     0.025                    2.6520708050068116
0.17                      0.16                     0.025                    2.5140302862494366
0.18                      0.16                     0.025                    2.0489031825417223
0.19                      0.16                     0.025                    1.4203555565914043
0.2                       0.16                     0.025                    0.8093315087986541
0.21                      0.16                     0.025                    0.4062883288369997
0.22                      0.16                     0.025                    0.18005145753888718
0.23                      0.16                     0.025                    0.08655166430912241
0                         0.17                     0.025                    0.043356558642371215
0.01                      0.17                     0.025                    0.11374406251042382
0.02                      0.17                     0.025                    0.2638956606420796
0.03                      0.17                     0.025                    0.6211329454051681
0.04                      0.17                     0.025                    1.0560820927864385
0.05                      0.17                     0.025                    1.549246079145876
0.06                      0.17                     0.025                    1.9866685549305525
0.07                      0.17                     0.025                    2.1455204020588536
0.08                      0.17                     0.025                    1.9825775678042887
0.09                      0.17                     0.025                    1.5915054709596022
0.1                       0.17                     0.025                    1.1650114064765118
0.11                      0.17                     0.025                    0.831690606771098
0.12                      0.17                     0.025                    0.6951034136833605
0.13                      0.17                     0.025                    0.7904840977564567
0.14                      0.17                     0.025                    1.0170658213743917
0.15                      0.17                     0.025                    1.240248735392203
0.16                      0.17                     0.025                    1.3456095840156284
0.17                      0.17                     0.025                    1.235258695089446
0.18                      0.17                     0.025                    0.9552938846535878
0.19                      0.17                     0.025                    0.6744740870661063
0.2                       0.17                     0.025                    0.3754253713272657
0.21                      0.17                     0.025                    0.16946224017336967
0.22                      0.17                     0.025                    0.069146920523733
0.23                      0.17                     0.025                    0.026200226977590113
0                         0.18                     0.025                    0.005227010480172192
0.01                      0.18                     0.025                    0.023881585088930214
0.02                      0.18                     0.025                    0.09564552092908633
0.03                      0.18                     0.025                    0.22175172404927218
0.04                      0.18                     0.025                    0.39255680723925324
0.05                      0.18                     0.025                    0.5811722845202707
0.06                      0.18                     0.025                    0.7906590902153683
0.07                      0.18                     0.025                    0.8339284394438635
0.08                      0.18                     0.025                    0.7713912173106331
0.09                      0.18                     0.025                    0.6085892888998764
0.1                       0.18                     0.025                    0.4136988186088789
0.11                      0.18                     0.025                    0.2818140416981441
0.12                      0.18                     0.025                    0.2333062117421979
0.13                      0.18                     0.025                    0.2839415721430941
0.14                      0.18                     0.025                    0.3884516122366981
0.15                      0.18                     0.025                    0.48347538329612033
0.16                      0.18                     0.025                    0.5306460034956442
0.17                      0.18                     0.025                    0.49263092756750293
0.18                      0.18                     0.025                    0.380480541159288
0.19                      0.18                     0.025                    0.25944604759736695
0.2                       0.18                     0.025                    0.1366393048200832
0.21                      0.18                     0.025                    0.05819051152462797
0.22                      0.18                     0.025                    0.013548592387648741
0.23                      0.18                     0.025                    0.0017961229594404815
0                         0.19                     0.025                    0.006347315683553467
0.01                      0.19                     0.025                    5.494610810861844E-4
0.02                      0.19                     0.025                    0.016883245578514908
0.03                      0.19                     0.025                    0.053179806608329834
0.04                      0.19                     0.025                    0.11629263968321861
0.05                      0.19                     0.025                    0.16784708863317802
0.06                      0.19                     0.025                    0.2273302401083362
0.07                      0.19                     0.025                    0.2581350736534655
0.08                      0.19                     0.025                    0.2322409058847262
0.09                      0.19                     0.025                    0.1906355963776124
0.1                       0.19                     0.025                    0.125013817600813
0.11                      0.19                     0.025                    0.07581590757214349
0.12                      0.19                     0.025                    0.05707114060915431
0.13                      0.19                     0.025                    0.07175183261581164
0.14                      0.19                     0.025                    0.1151943970051631
0.15                      0.19                     0.025                    0.14723306677620238
0.16                      0.19                     0.025                    0.17131943050210635
0.17                      0.19                     0.025                    0.15597285088073412
0.18                      0.19                     0.025                    0.11534355438102292
0.19                      0.19                     0.025                    0.06924174182411644
0.2                       0.19                     0.025                    0.030674408349644137
0.21                      0.19                     0.025                    0.008409185611536711
0.22                      0.19                     0.025                    0.0013526625162733246
0.23                      0.19                     0.025                    0.004926187134901077
0                         0.2                      0.025                    0.004724387927986659
0.01                      0.2                      0.025                    0.0035095691213506562
0.02                      0.2                      0.025                    0.0012281816175595407
0.03                      0.2                      0.025                    0.0033436465345782246
0.04                      0.2                      0.025                    0.01965452557478762
0.05                      0.2                      0.025                    0.036331786709944726
0.06                      0.2                      0.025                    0.05210023707646039
0.07                      0.2                      0.025                    0.061705243707970994
0.08                      0.2                      0.025                    0.05390349199038513
0.09                      0.2                      0.025                    0.036855734314462665
0.1                       0.2                      0.025                    0.016876539277357834
0.11                      0.2                      0.025                    0.005080570460809529
0.12                      0.2                      0.025                    0.0019212647652316682
0.13                      0.2                      0.025                    0.009261304463536848
0.14                      0.2                      0.025                    0.02189486675459028
0.15                      0.2                      0.025                    0.03323868696552756
0.16                      0.2                      0.025                    0.03503855701622404
0.17                      0.2                      0.025                    0.032454559637449164
0.18                      0.2                      0.025                    0.02385838724780699
0.19                      0.2                      0.025                    0.010518556195578229
0.2                       0.2                      0.025                    0.0021174353144858445
0.21                      0.2                      0.025                    0.0014925729103243126
0.22                      0.2                      0.025                    0.0025651303373818058
0.23                      0.2                      0.025                    0.0030960182895004135
0                         0.21                     0.025                    0.0018458905865286995
0.01                      0.21                     0.025                    0.0018995512357851123
0.02                      0.21                     0.025                    0.0025829887772369623
0.03                      0.21                     0.025                    0.0030112474231255943
0.04                      0.21                     0.025                    0.00258958933303238
0.05                      0.21                     0.025                    1.063085252698974E-4
0.06                      0.21                     0.025                    0.0030809399920945692
0.07                      0.21                     0.025                    0.0036815711453460536
0.08                      0.21                     0.025                    0.0035389192102553155
0.09                      0.21                     0.025                    0.0018420600172811509
0.1                       0.21                     0.025                    0.0021540670969600424
0.11                      0.21                     0.025                    0.004841328632463837
0.12                      0.21                     0.025                    0.005177201109406275
0.13                      0.21                     0.025                    0.0038712127772839427
0.14                      0.21                     0.025                    0.001224883713147237
0.15                      0.21                     0.025                    2.1420673059282662E-4
0.16                      0.21                     0.025                    0.0010140090682435614
0.17                      0.21                     0.025                    0.001290814499802577
0.18                      0.21                     0.025                    1.7988240570883287E-5
0.19                      0.21                     0.025                    0.0018897062192272844
0.2                       0.21                     0.025                    0.0023410018907422756
0.21                      0.21                     0.025                    0.0018786894306170047
0.22                      0.21                     0.025                    0.0012864297206922218
0.23                      0.21                     0.025                    0.0011120587820857874
0                         0.22                     0.025                    2.840556383544686E-4
0.01                      0.22                     0.025                    4.824403977117011E-4
0.02                      0.22                     0.025                    0.0010528670803581128
0.03                      0.22                     0.025                    0.00180144271963413
0.04                      0.22                     0.025                    0.002260279138221515
0.05                      0.22                     0.025                    0.0026517009514905408
0.06                      0.22                     0.025                    0.0025577812969043456
0.07                      0.22                     0.025                    0.0026775396995269555
0.08                      0.22                     0.025                    0.00300666533064796
0.09                      0.22                     0.025                    0.0026970829782707517
0.1                       0.22                     0.025                    0.0026601898323171474
0.11                      0.22                     0.025                    0.0025768678526224284
0.12                      0.22                     0.025                    0.0024848074620005614
0.13                      0.22                     0.025                    0.0023264345691839227
0.14                      0.22                     0.025                    0.0020089846460059377
0.15                      0.22                     0.025                    0.0019242685216796472
0.16                      0.22                     0.025                    0.001870212586709856
0.17                      0.22                     0.025                    0.00172744866132327
0.18                      0.22                     0.025                    0.0018517187293520916
0.19                      0.22                     0.025                    0.0018536828200106507
0.2                       0.22                     0.025                    0.0011697326995457652
0.21                      0.22                     0.025                    6.667368925049213E-4
0.22                      0.22                     0.025                    2.625578940308615E-4
0.23                      0.22                     0.025                    1.2342660360813848E-4
0                         0.23                     0.025                    1.7387899663566538E-4
0.01                      0.23                     0.025                    6.644174383763207E-5
0.02                      0.23                     0.025                    1.5696499445983324E-4
0.03                      0.23                     0.025                    6.903266852671278E-4
0.04                      0.23                     0.025                    0.0012940134227875724
0.05                      0.23                     0.025                    0.0017207545838286318
0.06                      0.23                     0.025                    0.002117668081419147
0.07                      0.23                     0.025                    0.0023164731460216166
0.08                      0.23                     0.025                    0.0021829362314664436
0.09                      0.23                     0.025                    0.0018016350426418493
0.1                       0.23                     0.025                    0.0013605972936426016
0.11                      0.23                     0.025                    0.0011189831884349426
0.12                      0.23                     0.025                    8.008476586682357E-4
0.13                      0.23                     0.025                    8.207742572539519E-4
0.14                      0.23                     0.025                    0.0011092448731338852
0.15                      0.23                     0.025                    0.0013732821176932304
0.16                      0.23                     0.025                    0.0014519069960724903
0.17                      0.23                     0.025                    0.0013638876189581727
0.18                      0.23                     0.025                    0.0011552248259565324
0.19                      0.23                     0.025                    8.676842757510655E-4
0.2                       0.23                     0.025                    4.0763587247579544E-4
0.21                      0.23                     0.025                    7.453701505977186E-5
0.22                      0.23                     0.025                    8.254284671763272E-5
0.23                      0.23                     0.025                    1.867165819560403E-4
